mean	sigma
0.15656534916963805	0.052075610848460345
0.21306156206733218	0.043657279874333266
0.5286419178203458	0.14511752214904478
0.21005905248427406	0.11615953739023695
0.27769381488197736	0.06915655061024255
0.3255607558948169	0.08052477787452467
0.769059132316787	0.17440369145369286
0.38286092937535576	0.1048652852714631
0.31896231919484724	0.046875202054422
0.4028604004723296	0.14642418385727565
0.5039320605350066	0.18770580905293138
0.9233888652800274	0.0923787181300172
0.9618373925121241	0.07123932086767004
0.37245207934192354	0.13916829682489573
0.3212524702502711	0.03607279997073538
0.48226334448243224	0.13233306916544513
0.39614340073658255	0.043268527567540724
0.2827465263061875	0.0604692697254411
0.18575039789041686	0.03859830495709254
0.35424726694412395	0.13345004128412002
0.4948734818281973	0.15580676138845115
0.21574435632256117	0.09039922170660532
1.1078342494997726	0.068001567189359
0.12623213927868185	0.07464422524279116
0.23036954580226945	0.02138416164416639
0.5418175007672406	0.11715950956964055
0.5887276052697394	0.17354732758163122
0.28536597977671296	0.11839182217673412
0.16613557593574269	0.10358701562629563
0.30928604516313296	0.056224242940187415
0.36610995708569355	0.0369758573127221
0.2397418257125411	0.07344061555366453
0.3785458624577998	0.11168050460766224
0.18707284150658315	0.025360128780575576
0.49058284528895735	0.1780764007584237
0.26484979275013154	0.05808125204460037
0.1834136959370917	0.05894948766623994
0.5065073227718094	0.1732792115380466
0.18575140355316885	0.07385639176153946
0.35575884360133414	0.020326115292335432
0.2621695325538401	0.038836387320116295
0.4636693821128142	0.14435525135572197
0.4041774326641027	0.1628301249116673
0.056933405482621366	0.04899950431372241
0.39981313097174237	0.212729014906259
0.1688833339922949	0.03544424887586499
0.15849104389437627	0.09710020381215008
0.1798939010500516	0.07689133389940322
0.3703681089860784	0.11528415155178076
0.5900456366639463	0.11732743873481111
0.13012406858825173	0.055667776171236256
0.4979438562276446	0.10979887836551235
0.19979065914287453	0.029053311243617482
0.2119525620741318	0.029971366372874834
0.2943446086280425	0.1124553497209841
0.31617468716355057	0.08629237741123524
0.5842047403897126	0.1055036069715546
0.11666164214193706	0.051949596964229766
0.14048988223468972	0.0606194652282791
0.33327859017006406	0.17259786349206083
0.05990661260451858	0.060618451685637176
0.5600673460917878	0.15182254636139667
0.16154352158844146	0.059468987289749316
0.3260099419161983	0.0985869262689841
0.3321065150436252	0.04854348140595604
0.5419384917606506	0.18645264935889538
0.29747726548058584	0.1933565908050174
0.3338211290092782	0.15345444206314013
0.08291816702617157	0.02705605038250825
0.2001758424575436	0.018380405334821083
0.3313665027618861	0.048573151933415076
