mean	sigma
0.14589061233400555	0.052075610848460345
0.2104362286366863	0.043657279874333266
0.4190689553948668	0.14511752214904478
0.17286097313951748	0.11615953739023695
0.2731976764584073	0.06915655061024255
0.32472487320302174	0.08052477787452467
0.7597570123207864	0.17440369145369286
0.05527726902734239	0.1048652852714631
-0.17002840431447044	0.046875202054422
0.16526916703030906	0.14642418385727565
0.45424971914521317	0.18770580905293138
-0.578598703034832	0.0923787181300172
-0.864688163810376	0.07123932086767004
-0.08400719330279952	0.13916829682489573
0.2524017234397088	0.03607279997073538
0.48226334448243224	0.13233306916544513
0.3752149692163806	0.043268527567540724
0.2406575903953886	0.0604692697254411
0.15711993466895324	0.03859830495709254
0.16248614615616847	0.13345004128412002
-0.369249367529943	0.15580676138845115
0.11237433683214912	0.09039922170660532
-1.097518765115141	0.068001567189359
0.115492117309132	0.07464422524279116
0.22843176305048649	0.02138416164416639
-0.13364022520396251	0.11715950956964055
0.4879566438109942	0.17354732758163122
0.2766405689190458	0.11839182217673412
0.12802699157855174	0.10358701562629563
0.27334300118030697	0.056224242940187415
0.35305865815736115	0.0369758573127221
0.21478290597340532	0.07344061555366453
0.3250939376212993	0.11168050460766224
0.15212382271713992	0.025360128780575576
-0.1752291980219797	0.1780764007584237
0.24475035681750967	0.05808125204460037
0.16324097127116888	0.05894948766623994
0.23552707531053593	0.1732792115380466
0.1346695001449024	0.07385639176153946
0.34864886515037635	0.020326115292335432
-0.256527032825118	0.038836387320116295
0.4328569815932791	0.14435525135572197
0.12394526632126629	0.1628301249116673
0.017182936297270128	0.04899950431372241
0.3533665437364488	0.212729014906259
0.12434951667671455	0.03544424887586499
0.057438884757007244	0.09710020381215008
0.0862888195761003	0.07689133389940322
-0.17426351703650977	0.11528415155178076
0.5231609880678989	0.11732743873481111
0.08727245578925895	0.055667776171236256
0.4869495348458328	0.10979887836551235
0.19224413860476042	0.029053311243617482
0.20501974254609226	0.029971366372874834
0.204054644833768	0.1124553497209841
-0.24377308963557268	0.08629237741123524
-0.5828056721811462	0.1055036069715546
0.040807128012012826	0.051949596964229766
-0.048973801305779156	0.0606194652282791
0.16496727993605156	0.17259786349206083
-0.03697313465976947	0.060618451685637176
-0.5145364650029143	0.15182254636139667
0.13346077884700383	0.059468987289749316
0.2184262930798567	0.0985869262689841
0.32344878790709886	0.04854348140595604
0.4842265651737614	0.18645264935889538
0.15996084672213914	0.1933565908050174
0.33089688790002575	0.15345444206314013
0.08084149835770381	0.02705605038250825
0.19944272341764965	0.018380405334821083
0.329560111928019	0.048573151933415076
