"","LD1A1","LD1A2","LD1A3","LD1A4","LD1A5","LD1A6","LD1A7","LD1B1","LD1B2","LD1B3","LD1B4","LD1B5","LD1B6","LD1B7","LD1C1","LD1C10","LD1C2","LD1C3","LD1C4","LD1C5","LD1C6","LD1C7","LD1C8","LD1C9","LD1D1","LD1D10","LD1D2","LD1D3","LD1D4","LD1D5","LD1D6","LD1D7","LD1D8","LD1D9","O22A1","O22A2","O22A3","O22A4","O22A5","O22A6","O22A7","O22A8","O22B1","O22B2","O22B3","O22B4","O22B5","O22B6","O22B7","O22B8","O22C1","O22C2","O22C3","O22C4","O22C5","O22C6","O22C7","O22C8","O22D1","O22D2","O22D3","O22D4","O22D5","O22D6","O22D7","O22D8","highN4A1","highN4A2","highN4A3","highN4A4","highN4A5","highN4A6","highN4A7","highN4A8","highN4B1","highN4B2","highN4B3","highN4B4","highN4B5","highN4B6","highN4B7","highN4B8","highN4C1","highN4C2","highN4C3","highN4C4","highN4C5","highN4C6","highN4C7","highN4C8","highN4D1","highN4D2","highN4D3","highN4D4","highN4D5","highN4D6"
"LD1A1",1,0.94014247187881,0.906997695013997,0.771033441503818,0.576417484211953,0.97643873573268,0.914415286818356,0.977247253145108,0.471975188310527,0.811405790566178,0.564518455200216,0.798355126081862,0.914912197414965,0.871020664987515,0.935341437042915,0.563250275143108,0.868665673621404,0.980174791357351,0.640729677683046,0.963157887476556,0.95191409271047,0.905922621841941,0.549930175769451,0.734490317251394,0.560008518665985,0.894147710434206,0.714422824065663,0.979418563645778,0.898357987229968,0.968091966464959,0.912206571823221,0.822159398208021,0.930732010527994,0.581904144887212,0.972121257529195,0.868566703895957,0.601866172192655,0.551689529586357,0.960720838988968,0.915844695809679,0.662446265777951,0.566977038179496,0.561030962595599,0.653775607348131,0.889880101716566,0.958707312229654,0.554661550103025,0.640074842415108,0.83849108499894,0.945443617106347,0.912895153477808,0.55634146116171,0.970955503160373,0.632095497439429,0.913240347822931,0.5506234319374,0.962061280101809,0.615638714610164,0.61713162534267,0.96392911238668,0.551075158449234,0.930378928598972,0.581566373223401,0.972019853202074,0.548729920269846,0.827032591313326,0.802972777740281,0.783678212716902,0.55302347630739,0.476003363361087,0.803279723815758,0.778291819393776,0.543518825673391,0.524248443095613,0.499626583096983,0.556904968580627,0.721548160039438,0.813820707458814,0.467949166435476,0.578851920344199,0.758292657600518,0.839303756616293,0.728756063385221,0.400543401769708,0.816301679633482,0.486667201980352,0.701033519434747,0.4199052526066,0.790638032279974,0.510452536616463,0.535783341042395,0.839569225154394,0.468502161253966,0.747236992179987,0.749145077182377,0.832915048533727
"LD1A2",0.94014247187881,1,0.96631083658867,0.690758078641632,0.418498657255932,0.95897953560766,0.976777917558193,0.911061120616096,0.506051875340251,0.815289201075692,0.398217597241449,0.73635030329442,0.942278949226514,0.93239200154393,0.910454922839692,0.39860061477725,0.844594274237871,0.938743468111998,0.506893898082214,0.909669305022802,0.925148322083651,0.934585377849212,0.383550265848434,0.631349599948624,0.392509690417939,0.968314266239666,0.607014137590398,0.939069836289926,0.891837650489058,0.929682213132067,0.938266017481549,0.797705319416279,0.959383940320895,0.424961388973347,0.896976596687826,0.918054975995085,0.467070452603657,0.382630579249671,0.90773301944104,0.942714624390848,0.609523642876973,0.407924881340682,0.397857348996286,0.564022360545135,0.954151945769016,0.886154890485137,0.405714618494743,0.54556750087524,0.791493638469292,0.89323523263969,0.883797431211536,0.390296570618223,0.915615874277218,0.521916254180834,0.921304050894372,0.380062440457975,0.909939250260749,0.488949445418798,0.485355818895371,0.890969425566604,0.38917969821694,0.881869245478285,0.445024454882136,0.899965059079722,0.3816051185012,0.774209633539758,0.864844580035505,0.895674116704007,0.728562708437832,0.636477277242401,0.8689641216819,0.898872439019055,0.715804893830093,0.638103662710411,0.621978629612773,0.716041407933913,0.867426445855088,0.873765974745507,0.529221046780675,0.720043859866743,0.884723504821098,0.886817659723782,0.87213222455546,0.513022718234136,0.871479942786906,0.653065534424727,0.854315955302701,0.536230506438742,0.852177419973836,0.674811666687965,0.692915965982559,0.852477318443806,0.54937944573527,0.881211117807656,0.880942464982481,0.882794525378452
"LD1A3",0.906997695013997,0.96631083658867,1,0.791916316385191,0.532721440478246,0.905753857058536,0.969218092635265,0.895486508888527,0.489207119990253,0.768996099574341,0.506931985879696,0.834670193071745,0.968733471458686,0.916114179701977,0.948082111346299,0.510773134967658,0.914226404953751,0.920677609394322,0.619850643737829,0.914530045672729,0.949436662400159,0.97960276533577,0.496647112690876,0.736233562246803,0.503133844772196,0.949738886338821,0.713393594616001,0.921916704058549,0.951893434519453,0.924029248497093,0.974876588414512,0.889549655423098,0.971031541704053,0.535383378153191,0.896362097970816,0.946328628980992,0.585721741606106,0.493548944022857,0.917208151497682,0.972659276976734,0.731002408107311,0.520935666283273,0.507897563642254,0.683244065838526,0.977255888549091,0.898227078913444,0.525087884426426,0.669009337141591,0.872085742402365,0.889860793004545,0.933026292338844,0.502591687512632,0.913566875641138,0.64470503548394,0.964434228468249,0.489918272422886,0.911843129900598,0.61039485771435,0.603639524470145,0.891601670517023,0.503950398134012,0.920556090521941,0.567297344709663,0.897159922449611,0.49487078846211,0.860323495820483,0.774553490785308,0.89335028260275,0.78173056583808,0.709815777162476,0.78360671073157,0.894308623554687,0.776830526700552,0.732592798746602,0.716271308383749,0.78507179135677,0.842587046405577,0.801434877730108,0.625501370876347,0.791339174720578,0.858309613758636,0.828116165144213,0.863282765008416,0.590035159797043,0.785274899892649,0.707408606586003,0.84044749821957,0.619377021622798,0.75864349227643,0.7358119481069,0.758229584482407,0.82404390368408,0.642053900187151,0.875235999122785,0.86559482117264,0.81004027252306
"LD1A4",0.771033441503818,0.690758078641632,0.791916316385191,1,0.933758237263214,0.678217522532861,0.696611380837033,0.83058731195406,0.35733589380945,0.557820476972977,0.918364117952245,0.99329198483927,0.83321399050595,0.649199201878254,0.910057007745696,0.923589088215795,0.950460595940797,0.794393825197406,0.962827549572069,0.845290429165832,0.895613078538296,0.858236372892176,0.915585583426515,0.993796711094494,0.919754218212413,0.644659772227927,0.990355130996879,0.796443661943337,0.928707639295828,0.810204289027475,0.861559202847757,0.971574543219227,0.7898289557095,0.929531454678379,0.871845105877623,0.766990884792033,0.947000463507564,0.91496105264743,0.852919444885376,0.832777699206544,0.933479324512093,0.925010878973437,0.915768984931034,0.955063612465272,0.751732800623571,0.888655516599496,0.918640318705543,0.954798525744042,0.959390713981588,0.804994093069604,0.924844777471957,0.919371946541787,0.845096290685523,0.959677472296658,0.864889710729823,0.912396220315083,0.841549258935507,0.957778316185237,0.953007462865528,0.877126802317773,0.91531764010485,0.92035743859122,0.936665880920677,0.86349941114473,0.915342531629927,0.973265152974821,0.348647024534992,0.543637583860574,0.455698617476431,0.456240199445623,0.359603527084604,0.526416408506712,0.467124513094788,0.591434038226977,0.55706170165088,0.507001785709738,0.403044402362635,0.403480089332293,0.584807780911088,0.542515980260197,0.437737806746946,0.474945931926871,0.45903469428088,0.447824615286373,0.380588515989261,0.414107952074625,0.409658240004525,0.473133982012189,0.331106508746495,0.44951514022618,0.489193594119518,0.591702944436685,0.569160646243715,0.486544957739336,0.458334347171866,0.434779820017498
"LD1A5",0.576417484211953,0.418498657255932,0.532721440478246,0.933758237263214,1,0.449293147414648,0.421899946576157,0.666140979902252,0.220521227134591,0.357128025682289,0.992681703861719,0.902682923607638,0.604735210500123,0.387039691694821,0.728506932695578,0.999060161880592,0.793865697250696,0.603100074450204,0.984525239040895,0.67591872853553,0.712547832822501,0.630691521116254,0.996808115820084,0.960972986223956,0.997259142037202,0.36400462330478,0.967438313065539,0.605294991066365,0.743285975475726,0.62212625775127,0.640521744668593,0.835371837290646,0.548501878583839,0.989817896581333,0.720508261653038,0.522109775547387,0.982035542401851,0.996419989505422,0.682173268011327,0.605599151399944,0.867886438446145,0.99186342282498,0.986859276785722,0.930657448427505,0.490017457677657,0.740582617788615,0.981777886387114,0.938325344593354,0.837279490162717,0.625656172049684,0.757747701857801,0.995930346282647,0.675685406316862,0.961500111499958,0.659564736838062,0.994705070960408,0.669566525962855,0.983455597903253,0.97933401859776,0.731419181793201,0.988751579612137,0.762138711527179,0.979571080938249,0.709472435532413,0.995957820883758,0.862057539723798,0.0679164657180166,0.245163659706091,0.160547329096042,0.194695052779138,0.0770032043489658,0.219776369294793,0.176768711788648,0.369575738948248,0.330824067000144,0.227568934278451,0.0773708700007828,0.123560163950871,0.423609222747186,0.273504923232278,0.120143353145014,0.207331872411974,0.142067835557941,0.255060822704545,0.105889372825506,0.145064555455315,0.0846570072319286,0.269860865201945,0.053609715141128,0.175608033640348,0.219065760664254,0.368761507581165,0.393797346067917,0.17292196066602,0.139617842399996,0.164619927204973
"LD1A6",0.97643873573268,0.95897953560766,0.905753857058536,0.678217522532861,0.449293147414648,1,0.933122383623606,0.949121432209039,0.487393165406876,0.8307779223433,0.434830506837749,0.715595964412147,0.9020090884876,0.894585663835062,0.893673610432299,0.434303181945277,0.809529946131144,0.965947130935985,0.523343391945897,0.934730484155148,0.918193551240643,0.884946135278863,0.421120993707816,0.631495044857067,0.430003414873964,0.926406665441572,0.60771685275885,0.965238949195663,0.854004108165802,0.95117574115023,0.89311880661896,0.755951042066764,0.927735103014644,0.454599282747164,0.931369983831801,0.857103549318347,0.4809475767309,0.42099584712468,0.92965711623926,0.901369833507669,0.572453274282255,0.43865185050357,0.431628596786518,0.548668493919247,0.89384088976523,0.915654177863793,0.43148004213247,0.533792107101354,0.770989067277275,0.914626282165359,0.865123093723328,0.426296157958631,0.94268698438685,0.5198071136818,0.88736760455012,0.419551629978419,0.933608524243911,0.498257695227659,0.498761828526722,0.923250662163058,0.423324024744497,0.880546768221062,0.461468223158531,0.937185216198418,0.419133046065317,0.755410793618703,0.874801212763442,0.822701428312072,0.588216687639418,0.497759133468975,0.873630873587822,0.822445008485468,0.575627152317558,0.518118998645961,0.499258591607471,0.580487187722507,0.784765164314756,0.875951077948794,0.443794670588279,0.595587445395653,0.817582837481961,0.890345443411745,0.782905504481479,0.404758668197615,0.882476186294133,0.519474638850121,0.760102546049122,0.422353817572039,0.86309735837533,0.539447822922309,0.559673174325325,0.859956070461972,0.45151737988415,0.795912503732388,0.801359464724326,0.889395592697953
"LD1A7",0.914415286818356,0.976777917558193,0.969218092635265,0.696611380837033,0.421899946576157,0.933122383623606,1,0.885558340009955,0.495166683248145,0.801233371585448,0.3973079315482,0.74429072822169,0.932337073100381,0.939625158222347,0.900503912033792,0.400991896041482,0.843232238414693,0.928168402001928,0.512397591982343,0.911212957838371,0.912569086212879,0.951192042204673,0.387585911541237,0.637224073188816,0.392823705664301,0.977292441490891,0.608940743840336,0.927843558898969,0.897848522429981,0.929768214633289,0.928322333629867,0.810393430305654,0.971235442879123,0.424485104597729,0.875099098435126,0.918921209693419,0.473217362196725,0.383604526378862,0.910461022579755,0.936674591667847,0.624515160697345,0.409522173309296,0.39693648872032,0.570398162425888,0.9591145168994,0.880750085301608,0.414707325518887,0.555737516321404,0.807125246463844,0.901544078456434,0.876639046283515,0.391524205038341,0.905732250612242,0.531895594746209,0.932759508333687,0.379938995136671,0.916296191578673,0.498659318124905,0.491247435501815,0.871570449909009,0.393123999680966,0.884082602283277,0.454415774274279,0.880332999203551,0.38482575498294,0.787609345432839,0.861345137011632,0.908548636055038,0.755069048733104,0.666106074323765,0.866740908053044,0.91176511740884,0.742699935266875,0.666631352453405,0.652409184668047,0.745157150452523,0.882277166704793,0.880780652453668,0.55583114064719,0.748598041229658,0.900021949096859,0.894078766499232,0.889287013961803,0.542610866111998,0.869167781270688,0.682654502505902,0.872512680106748,0.565618908136486,0.851096576152838,0.704333386861221,0.72201520794209,0.858269840975609,0.577083505356285,0.898609258567341,0.898982866069735,0.884182619961808
"LD1B1",0.977247253145108,0.911061120616096,0.895486508888527,0.83058731195406,0.666140979902252,0.949121432209039,0.885558340009955,1,0.479465723142157,0.799147933835706,0.65734818662387,0.852728462828767,0.922953373860653,0.852698615325329,0.95236959010366,0.654853643386617,0.897349063219097,0.973633525798515,0.720374475534296,0.967686682848553,0.967611463096801,0.906907029923811,0.641242553897269,0.80314051558263,0.6526126452462,0.869752727699607,0.784983744107575,0.975812120820776,0.916890899648713,0.967784924878403,0.925437253705221,0.866224708354365,0.924373680312268,0.672932027827626,0.987440495875667,0.848516757826133,0.685937264858812,0.644967335729447,0.961653200559547,0.9187539596022,0.72255046712239,0.65869667454935,0.653688639707676,0.726916236259712,0.873234932280284,0.972567166290906,0.640495468625202,0.712317273169184,0.874263984537995,0.92490592186294,0.937394631660465,0.648916391695814,0.97784959540712,0.708480105410706,0.916805447145438,0.644322070466532,0.964937338037879,0.697309219211762,0.6985791925791,0.982410523196387,0.641223811547797,0.942153963268682,0.664944364404973,0.985903313119153,0.640766333124097,0.873582203599825,0.744381248482845,0.743684457356186,0.516160831624884,0.448984366317041,0.746626660639098,0.736334357993435,0.509800708827415,0.518455801758841,0.490278113467838,0.528396685029278,0.662683446581429,0.760215518062163,0.474889744371474,0.555327812235225,0.70349058840696,0.797648119904316,0.67982260531396,0.390774875675635,0.76368254553719,0.453542479826699,0.640383234439549,0.410236349569007,0.732479260498601,0.479594020151211,0.508390434570399,0.818349415587384,0.472461667151461,0.698763430952772,0.686955570886131,0.78620406053099
"LD1B2",0.471975188310527,0.506051875340251,0.489207119990253,0.35733589380945,0.220521227134591,0.487393165406876,0.495166683248145,0.479465723142157,1,0.870879053867147,0.211758791183579,0.409378697401894,0.619068746206653,0.743016857819121,0.462020986952833,0.21107911264367,0.435307623930355,0.4720427171407,0.264415482383331,0.455186822844213,0.473855663393076,0.474880764116327,0.20323668916654,0.325844760272036,0.208063025994173,0.49883588176755,0.316222043061493,0.475730498494017,0.455135994962893,0.469323706429619,0.491066129484861,0.417098588958915,0.491204006120414,0.22504221463744,0.459995793396288,0.457401691041274,0.242457238131062,0.202680659225279,0.45184003131417,0.4826176194027,0.310512858041905,0.215256891651291,0.210420180931395,0.293767653268963,0.504235214270192,0.447871466472703,0.21219760255524,0.282589821217399,0.398542780325633,0.449362448350795,0.453270561751675,0.206519623397925,0.467732270933482,0.269815351978234,0.455572874413054,0.201499563518283,0.46146258270755,0.25477771640152,0.252425503160079,0.463887321480253,0.205151371445444,0.436113050167999,0.23161963264342,0.459750544584454,0.201807569834691,0.399586298298499,0.427110724189738,0.439845844711842,0.362422777304547,0.318337032162949,0.430617870347497,0.447514842622453,0.350584691656339,0.317506542457079,0.311873375042831,0.353296322132656,0.42149393596248,0.434022083721305,0.259430317466216,0.35951882549537,0.439268121605585,0.448504842005177,0.431580582913309,0.262030048504316,0.428576697329824,0.3259072907553,0.414726165537888,0.270252714444786,0.42601523954396,0.335379430552981,0.348328786411331,0.428810808318276,0.279249505643067,0.435387059390536,0.425939003951634,0.44848426345314
"LD1B3",0.811405790566178,0.815289201075692,0.768996099574341,0.557820476972977,0.357128025682289,0.8307779223433,0.801233371585448,0.799147933835706,0.870879053867147,1,0.34380188251276,0.610741657284386,0.839145967590983,0.933947493869677,0.742018309231173,0.344317310297379,0.677639176593781,0.816200766154351,0.42362840797536,0.787497037374353,0.765311324875077,0.7508314953577,0.334057901196166,0.517000239090704,0.339801031533375,0.800726064973409,0.496030046467942,0.817190542138044,0.715425423290412,0.806184158104396,0.75202490679964,0.634026715919168,0.791503834424473,0.360680223178765,0.774925696420396,0.720353915216045,0.384578842089635,0.332283527711444,0.780865173174297,0.754927496329639,0.466216687396877,0.347287134622544,0.340327589269767,0.444293654216283,0.773636245477995,0.765144754742501,0.345478792111406,0.432991870276929,0.642291054386752,0.773914085461897,0.718727222989515,0.337462390294665,0.79779947410638,0.420781963634902,0.744288627567184,0.330673408180135,0.791185387829817,0.401634721320791,0.401724505149428,0.778065981549217,0.337471803869717,0.730409250012737,0.371253229865895,0.780179106094413,0.332417888498068,0.630752945336149,0.753545686655413,0.704368853015131,0.504876297923494,0.428058839813544,0.753784736630354,0.707453534944148,0.489114774393384,0.440462752644009,0.426934205714742,0.495417515763065,0.67131364869147,0.757961093134955,0.377783984659448,0.510674825506211,0.705643803282727,0.773633991997548,0.674939855392786,0.354067045056872,0.759240371970554,0.449454677810361,0.651594625848247,0.36529016853284,0.748868483021611,0.46416856969927,0.48300535577209,0.743751598020133,0.389555473735315,0.685068437764992,0.68551571221477,0.774655186142196
"LD1B4",0.564518455200216,0.398217597241449,0.506931985879696,0.918364117952245,0.992681703861719,0.434830506837749,0.3973079315482,0.65734818662387,0.211758791183579,0.34380188251276,1,0.883639173377534,0.585284439944643,0.366301525247942,0.710497238103719,0.994402779508354,0.771585342040611,0.586097610061366,0.970499795613848,0.65442576509403,0.697024087401061,0.6028918863388,0.98519026991774,0.947912081619108,0.997474184645708,0.341127544100446,0.953691281594903,0.588940323054686,0.721869903052812,0.601821970611309,0.622662790417329,0.819741592724054,0.524512041174926,0.998634629993606,0.711507745057029,0.500096960082218,0.976039071750338,0.997524729340558,0.663218655794319,0.587966154003412,0.858576984051335,0.996405302731057,0.997580513547931,0.929489864264575,0.465648221063502,0.728692906946255,0.958124271952568,0.923262809601266,0.811733325699845,0.608610156929087,0.742812192668035,0.995852403343314,0.660155900349933,0.947219412174442,0.632745394253878,0.998501465082198,0.652534408502545,0.967061722613489,0.965333272365575,0.71817129216965,0.97812538465075,0.74418038923387,0.958101115265394,0.696260748041123,0.988241376095814,0.838974159378736,0.0498384944703254,0.213117412212092,0.12948183294175,0.162949916389794,0.0579607202927156,0.188125744196182,0.145164260267219,0.332711043400764,0.290564264160019,0.190604797139092,0.0524359798816409,0.100739379647282,0.381379695396427,0.234197730079925,0.092392364357344,0.179172774217819,0.113162511496542,0.220813529437728,0.0853407756030219,0.114801920266776,0.0585387775845784,0.235510796997525,0.0364006146506913,0.143212314623975,0.184060089950818,0.334785870431883,0.359169875412431,0.142267333345767,0.11036853132813,0.140149840235626
"LD1B5",0.798355126081862,0.73635030329442,0.834670193071745,0.99329198483927,0.902682923607638,0.715595964412147,0.74429072822169,0.852728462828767,0.409378697401894,0.610741657284386,0.883639173377534,1,0.872852350181437,0.706150018611494,0.932306076354242,0.890077224476309,0.963729578825235,0.823029377669856,0.937052195483427,0.87182212365196,0.918700440918982,0.891628456724663,0.881005731897211,0.981470235712109,0.884438512260613,0.697060056245375,0.974563999229295,0.825157709549169,0.949803947933458,0.842139680434298,0.894469100048893,0.983558446350299,0.829007741797541,0.897505962170259,0.888976810589932,0.806108091446859,0.921163984314117,0.878996466133474,0.878131529196636,0.869011714820115,0.930662199955245,0.89162094596091,0.881180854273549,0.942638130863018,0.799985927421783,0.903683965126413,0.888340328276054,0.939805762970494,0.968882487921839,0.826559120868919,0.945576527650264,0.883442357094438,0.867868767833496,0.93996357938345,0.899878574419044,0.875621546805104,0.864708419965113,0.934961076472529,0.926830163876059,0.892511286884819,0.879224548401897,0.935275857893262,0.909729602473463,0.880775703313967,0.879202913109043,0.981028047756991,0.409416574892625,0.600578785145657,0.515090680586718,0.505947860512689,0.421269857438932,0.58628271475706,0.525671425399648,0.6276209529445,0.596782460592379,0.562562934815095,0.471901098188579,0.462859323078729,0.601652550785917,0.593513169305344,0.5048902432075,0.529897145384646,0.523184087584293,0.478491445249963,0.437464483108486,0.467326860332233,0.476712457971274,0.506505429764864,0.390949712727921,0.503098479725281,0.541319463823068,0.629949776104642,0.592063351866295,0.549964502115294,0.521525512817765,0.490747099291252
"LD1B6",0.914912197414965,0.942278949226514,0.968733471458686,0.83321399050595,0.604735210500123,0.9020090884876,0.932337073100381,0.922953373860653,0.619068746206653,0.839145967590983,0.585284439944643,0.872852350181437,1,0.935063379268083,0.962508591970543,0.585878829344481,0.931178998040904,0.917979512230847,0.680344903801777,0.915524832919767,0.965124192735775,0.964394144813494,0.570470212439783,0.784982825776475,0.580427640648925,0.914316727399785,0.767101748074351,0.921214810524254,0.958158588537077,0.920558797107042,0.98169167256854,0.911264798975125,0.955030634978992,0.610927149520533,0.92297557202218,0.921078115703889,0.648003009575144,0.57064469176372,0.916144129880544,0.969631192593838,0.76150840710914,0.595104725287908,0.585001916224541,0.732911691638126,0.950317631465675,0.91465586578291,0.58823204456776,0.71582940328534,0.886110527392826,0.883115922473944,0.951253498282002,0.578179083124031,0.921168432248532,0.695688817000389,0.949062603717656,0.568230603177054,0.913416261329859,0.668223527909613,0.663380916905513,0.916724360257277,0.574509360324198,0.928218726104706,0.626176985874699,0.921234870386397,0.568849028289186,0.885419680012416,0.723662540416256,0.837769844704873,0.718428132133363,0.651874660154346,0.732131098468374,0.837866220971983,0.714241826418264,0.691438305424113,0.671026918447195,0.72573265736507,0.774480784376725,0.749269997694261,0.596048433021465,0.737281695180797,0.794545911805723,0.784044992713459,0.799166894999788,0.546442382722269,0.736782032217767,0.644898588452166,0.768337710763068,0.575143439742266,0.707438957309126,0.674948112479656,0.700583997777212,0.793445780885687,0.610580931732056,0.812202632419763,0.794245355962325,0.765539550707123
"LD1B7",0.871020664987515,0.93239200154393,0.916114179701977,0.649199201878254,0.387039691694821,0.894585663835062,0.939625158222347,0.852698615325329,0.743016857819121,0.933947493869677,0.366301525247942,0.706150018611494,0.935063379268083,1,0.849763899476162,0.367865969123227,0.79183179912786,0.881991741073604,0.472060233127269,0.860604653775109,0.865737810800961,0.894731118994415,0.354126024412057,0.592019605052813,0.360798254132769,0.935047239053925,0.565629464245836,0.883269927981949,0.843586393964365,0.882088022137709,0.885392819095361,0.76187269588378,0.921303494297644,0.392137912916451,0.834063080953804,0.860141471278686,0.433324725147271,0.351665839847165,0.857302253305182,0.886901767050064,0.574132188616979,0.376100116747959,0.365353004517987,0.526902325331227,0.912959289083904,0.83273104791646,0.376793317655335,0.510183487620315,0.749953596414524,0.84745837911379,0.8273812274287,0.35896768823907,0.861779829106516,0.487517022706734,0.873128726404016,0.348738342618734,0.867423040401585,0.456826148739541,0.450625411797405,0.832502926617921,0.359041970528747,0.825992351785011,0.414299402499832,0.838398069754603,0.351735420025342,0.736350040583862,0.827654911544752,0.854918098493333,0.701302602059192,0.613834029202665,0.83234395823475,0.860962185358788,0.687244063200059,0.611508665379108,0.599110362847884,0.689065049931769,0.831695244814944,0.842844614849221,0.505366434652516,0.693742511926537,0.852179384503603,0.856761983669179,0.838523217516301,0.497054103660959,0.834069416610197,0.63131189329456,0.819437850130913,0.517754325901391,0.820076251491729,0.651130829371202,0.668613863732357,0.817096097516841,0.528195261759759,0.846367752304377,0.84227824967182,0.851100892397497
"LD1C1",0.935341437042915,0.910454922839692,0.948082111346299,0.910057007745696,0.728506932695578,0.893673610432299,0.900503912033792,0.95236959010366,0.462020986952833,0.742018309231173,0.710497238103719,0.932306076354242,0.962508591970543,0.849763899476162,1,0.712695604791711,0.978522256194451,0.940552736498015,0.796067730063932,0.952209598067709,0.991119445627805,0.969446153887595,0.700199639430651,0.878146654456635,0.708293060906825,0.865215497686551,0.863765567796123,0.942831205896968,0.98625029776837,0.944548528793244,0.972863438253389,0.948393437656674,0.948563089530188,0.730514436392015,0.966883035899982,0.92719527727959,0.768417438650066,0.700902395208807,0.954920391932326,0.971489242540373,0.842967874434494,0.721470592568586,0.711269202946448,0.828972194947355,0.931777184692926,0.963486300687254,0.717250128609491,0.820743312300833,0.954401110252831,0.919406717209469,0.990350595470162,0.70868982693001,0.956128785523382,0.80838762039896,0.971023669061625,0.698382673715991,0.948819909602226,0.784784328475429,0.784277528602816,0.962336878044701,0.707207435259525,0.9804985354807,0.7510305155701,0.963452829694571,0.700808735234695,0.952396690403444,0.664096046097001,0.8002878380939,0.665339073976039,0.618122546013123,0.673738011390151,0.791210960602088,0.664294441221553,0.69250633701248,0.665918692798243,0.688162001322268,0.702292656227272,0.701164397728874,0.63354823567247,0.712143412647997,0.733006817451558,0.7484706284849,0.738360830128803,0.551048924854384,0.684887418708587,0.604943286270501,0.699579297015241,0.576195334790699,0.646075830499735,0.635621633377307,0.667246957992791,0.796057585132241,0.63720008948519,0.758068462536107,0.738948367836183,0.721900182125337
"LD1C10",0.563250275143108,0.39860061477725,0.510773134967658,0.923589088215795,0.999060161880592,0.434303181945277,0.400991896041482,0.654853643386617,0.21107911264367,0.344317310297379,0.994402779508354,0.890077224476309,0.585878829344481,0.367865969123227,0.712695604791711,1,0.778423590022271,0.589385125653122,0.980792559498093,0.661908220554327,0.697384495670136,0.610656903724427,0.997033623002298,0.953492804621464,0.998761644161908,0.34354659193057,0.960597578789594,0.591665488917145,0.725971304293548,0.60745227207487,0.621554623993799,0.82032234778562,0.529410916486712,0.990343443012556,0.709210244981991,0.500442130113222,0.978691644520384,0.99782870967667,0.667921244744974,0.586003693312306,0.855876077466885,0.992252833792337,0.988458405701078,0.923019127722395,0.467507659933624,0.728888080287761,0.978634556328234,0.929984849375792,0.822565412822361,0.611914902479129,0.742185194439409,0.997150083853287,0.662936097906913,0.954842152286877,0.639792530473851,0.996691433611751,0.656367400082332,0.978103950293866,0.975424253539895,0.720493591677941,0.989002517554569,0.74790598576655,0.975481305259063,0.698132883710868,0.996801094868101,0.848532407914858,0.0506311633959662,0.222267229692905,0.133725673994345,0.168874779806701,0.0591860656015064,0.196280156615119,0.149740464947409,0.345924167768298,0.305928136007598,0.200399506332537,0.053068476367337,0.105283446616416,0.405554385618837,0.247397441907376,0.0963152450245688,0.189174177323992,0.117915537752744,0.234015485278138,0.0891510970239629,0.119660799953151,0.059754837168653,0.247645573618945,0.0370329931340237,0.149557111863007,0.193006410059858,0.352469810688984,0.374226509482476,0.148411030598778,0.114807518612948,0.147161314215171
"LD1C2",0.868665673621404,0.844594274237871,0.914226404953751,0.950460595940797,0.793865697250696,0.809529946131144,0.843232238414693,0.897349063219097,0.435307623930355,0.677639176593781,0.771585342040611,0.963729578825235,0.931178998040904,0.79183179912786,0.978522256194451,0.778423590022271,1,0.886280287680219,0.864991795622181,0.911941067002967,0.961446647612911,0.955597126793789,0.770474595929577,0.927139548284645,0.773346166053421,0.79390889642293,0.918370354250371,0.887782483130118,0.986200931968791,0.894300268470615,0.943756685973542,0.969140603984642,0.906935775915454,0.789785855283213,0.923711120840993,0.898390429677766,0.832591250195836,0.766571007391538,0.917514704896032,0.933379356601267,0.890642463613251,0.785017157669765,0.771828486679761,0.879326463607219,0.888492430414678,0.932007903003496,0.795679690755694,0.884046990712364,0.975478754964297,0.882607706090429,0.974382592838943,0.777127849919974,0.914211639419511,0.876567984314193,0.946962149377088,0.763305844696347,0.909120651012993,0.851405059470143,0.855099527087855,0.928656367157934,0.78496707150267,0.969312239475597,0.828489432702053,0.921511823464907,0.772924135385803,0.975793812151112,0.55086780355862,0.75554311288423,0.649793055785671,0.628045922036027,0.563534065875046,0.740825623390283,0.65428912822758,0.731467320745151,0.703152833898642,0.690461257955389,0.624634653191183,0.604617992882424,0.707046153275908,0.723792434781729,0.659385617383646,0.667216717874828,0.679565052026955,0.590654057531445,0.580973448535084,0.599016218898665,0.632200021727081,0.61507589564256,0.531724994813867,0.633838059282197,0.67166009862206,0.759436626261257,0.695848357908112,0.702885470493034,0.676745700452295,0.629841566687074
"LD1C3",0.980174791357351,0.938743468111998,0.920677609394322,0.794393825197406,0.603100074450204,0.965947130935985,0.928168402001928,0.973633525798515,0.4720427171407,0.816200766154351,0.586097610061366,0.823029377669856,0.917979512230847,0.881991741073604,0.940552736498015,0.589385125653122,0.886280287680219,1,0.670323215355815,0.982431557391821,0.957128677918035,0.926419937936305,0.579018536976329,0.760856206448097,0.584187356586907,0.907248754908702,0.738890031962286,0.991590403585119,0.914637846011199,0.985974691484694,0.916777721643685,0.84470514537479,0.946480981158421,0.602686367760084,0.970156544663806,0.873833201247368,0.629193887094672,0.576466779947402,0.978685378579906,0.91977419833982,0.687891955260504,0.590757465685543,0.581867773277011,0.675898519650278,0.90252299638687,0.970430773957497,0.58992871366569,0.669078386395514,0.867310676374885,0.955101470883913,0.919695054023365,0.582194654045807,0.98568087616709,0.662963980267231,0.934706091299374,0.574264413650917,0.980195137525802,0.646746144080226,0.647234024692246,0.972068633428678,0.582462274435931,0.945285938520737,0.61648697759943,0.974692590004876,0.577667656944644,0.854551221807839,0.804414412616879,0.798243866337033,0.564137496095037,0.492634056966094,0.806263714876363,0.790851695042391,0.555655442782986,0.55081184482715,0.526280704790368,0.57401910041709,0.72343067279188,0.822313410766375,0.505848570634126,0.599829372138602,0.765404366099579,0.854291529254216,0.738605810989733,0.429828687025402,0.820930929603366,0.502852219393462,0.704769666143639,0.446982692946749,0.792534358412252,0.526763458449586,0.554739123997229,0.866041945101274,0.502181871517556,0.757694002282038,0.756096262805896,0.84280552828062
"LD1C4",0.640729677683046,0.506893898082214,0.619850643737829,0.962827549572069,0.984525239040895,0.523343391945897,0.512397591982343,0.720374475534296,0.264415482383331,0.42362840797536,0.970499795613848,0.937052195483427,0.680344903801777,0.472060233127269,0.796067730063932,0.980792559498093,0.864991795622181,0.670323215355815,1,0.736967121859461,0.775412350499468,0.714786212658113,0.982163866072273,0.983475413341001,0.978452908118218,0.451549506825783,0.988494557839949,0.672096888596494,0.812849920695464,0.687894703626773,0.710157430402494,0.879574282475383,0.63212478416361,0.970713525674781,0.77110753986725,0.605961011370031,0.978756485887596,0.975902469807809,0.742866186039014,0.678401591096518,0.89302132781979,0.974507917148259,0.965174391364267,0.939972168085184,0.576284445427926,0.793044486175743,0.983551529833018,0.959713972367921,0.89316187098123,0.690236781017721,0.815297266434603,0.981435552253993,0.737086905465146,0.980471923751896,0.731217807383344,0.973941994742452,0.731066472531096,0.988247380294592,0.993901846774686,0.786106079972377,0.988352795090643,0.824155845485828,0.990002633614713,0.765714267979367,0.984512318454912,0.912218789637092,0.157402714435862,0.368623887956832,0.2682548096391,0.300303238847896,0.16868537178033,0.341906556692424,0.2839252026601,0.479959051729339,0.444585949234812,0.34279932845108,0.18228899746558,0.223026968901542,0.554541735603964,0.397568510218499,0.231705706851025,0.313453562262591,0.256757280792818,0.361158182541306,0.201562198127567,0.24909312792251,0.191938722745101,0.375709537970817,0.141035739424388,0.283721807345497,0.332785339023247,0.4868779399532,0.5096035899601,0.288715984553884,0.252332939621536,0.265382942537893
"LD1C5",0.963157887476556,0.909669305022802,0.914530045672729,0.845290429165832,0.67591872853553,0.934730484155148,0.911212957838371,0.967686682848553,0.455186822844213,0.787497037374353,0.65442576509403,0.87182212365196,0.915524832919767,0.860604653775109,0.952209598067709,0.661908220554327,0.911941067002967,0.982431557391821,0.736967121859461,1,0.963690772077422,0.935544613723304,0.65420140137105,0.817342463582542,0.655065299401637,0.885717616863887,0.796353960893378,0.981475354701331,0.934765996891149,0.989502309038997,0.91893512032455,0.880794156179147,0.94420758363808,0.669036061714913,0.972298952735109,0.871387196214688,0.698314283989594,0.647998705386206,0.989537260487601,0.921115183519385,0.742940397059757,0.660119740330112,0.649325053408716,0.735135979883107,0.896187842801356,0.980408182296383,0.667046983006005,0.733749697855773,0.907418423410231,0.957272989427276,0.937998334307569,0.653390808706685,0.985013589829505,0.730408037489967,0.953091789724265,0.644825083336158,0.984907765216645,0.718485604638773,0.71618149952242,0.975469315374301,0.655641583934466,0.963829900832363,0.691159860872735,0.975776789548937,0.651556504188822,0.89835868240041,0.751739475923,0.775839541954079,0.555337849058077,0.4939360580354,0.755870008281651,0.766358492895555,0.549910084244927,0.567796377580987,0.543701388192348,0.576036773523182,0.688735051641692,0.782763145538841,0.533495734910902,0.605703399360642,0.733915620998115,0.822753566998177,0.709209701023544,0.441918639934141,0.770878407169013,0.497403838521599,0.671220205288659,0.459635019326715,0.73828219505585,0.523099202023142,0.555852208480384,0.850850533847031,0.524950499122456,0.732847064915785,0.726407290891381,0.803004733794806
"LD1C6",0.95191409271047,0.925148322083651,0.949436662400159,0.895613078538296,0.712547832822501,0.918193551240643,0.912569086212879,0.967611463096801,0.473855663393076,0.765311324875077,0.697024087401061,0.918700440918982,0.965124192735775,0.865737810800961,0.991119445627805,0.697384495670136,0.961446647612911,0.957128677918035,0.775412350499468,0.963690772077422,1,0.963795902262904,0.683692891763242,0.861614207617225,0.693418583293887,0.884749878932064,0.845306245041041,0.95931250787387,0.977478334453356,0.958728772015242,0.975857894518318,0.938403129952009,0.952960114155001,0.71677935713552,0.976986265874004,0.913902149919442,0.746189901132945,0.685563569640923,0.964270720355134,0.970213841071248,0.814313998964611,0.704686589517972,0.696161535858529,0.804471239646038,0.929021023814927,0.972880973355415,0.694277100496021,0.791803869643554,0.937727124245484,0.927255922630367,0.983317937549343,0.691773691538249,0.968759414570149,0.781096706655047,0.967783562150671,0.683682380386868,0.960615981113315,0.761741136645072,0.759704396219232,0.972640930121964,0.686892869965812,0.977459902437855,0.725713972658974,0.975595890836526,0.68328607174775,0.935894129686994,0.694161866992004,0.791235201715019,0.633060405705649,0.5763524353912,0.701811812633927,0.783863805152069,0.629829757137839,0.644912546984721,0.617665497545114,0.649790359017891,0.70242075964793,0.723068303068196,0.581700146574031,0.671419578354743,0.733223413706238,0.76605453765732,0.732072397003167,0.505299178003979,0.713097674123758,0.569870168142732,0.694414818338557,0.528549932026915,0.677368868426429,0.598200681829606,0.628874586128193,0.801008991559693,0.587441908064246,0.750266541579468,0.73421992238825,0.74430640174781
"LD1C7",0.905922621841941,0.934585377849212,0.97960276533577,0.858236372892176,0.630691521116254,0.884946135278863,0.951192042204673,0.906907029923811,0.474880764116327,0.7508314953577,0.6028918863388,0.891628456724663,0.964394144813494,0.894731118994415,0.969446153887595,0.610656903724427,0.955597126793789,0.926419937936305,0.714786212658113,0.935544613723304,0.963795902262904,1,0.600149317946981,0.814011776289908,0.60215643452988,0.916092035442478,0.793769821266376,0.926726129873219,0.980349027828246,0.935335332422506,0.970129664823365,0.932486641712456,0.975024784536402,0.627527593272665,0.916839355776192,0.944171495500452,0.679499555932613,0.593888795010241,0.938561312468135,0.96764775268374,0.797090395734527,0.617863837836525,0.602786562967401,0.757268160697253,0.959909558591967,0.928161938621499,0.630217889117953,0.752876958201963,0.928675037699203,0.915836485974336,0.956628303301539,0.603267151786619,0.930452812403691,0.734651693358468,0.976274912398357,0.589350682766006,0.937653578523262,0.704625965285117,0.698819065987779,0.917301975491306,0.608664768516152,0.955268878971554,0.668094238170753,0.918087625576692,0.598676075017333,0.919515088227585,0.720218676349568,0.865344344129716,0.751540511742562,0.696677244500995,0.730475646968621,0.860835254020674,0.748907093102364,0.747621441984382,0.726743363949968,0.767853643689364,0.788730296289269,0.761655286338679,0.667927840448566,0.784442280154059,0.813137351831744,0.800592651999244,0.821445740621121,0.607667544422588,0.738617243329328,0.687321343864919,0.789468835143195,0.63438014745128,0.7048441353386,0.717610523627559,0.744812685595365,0.827111170017463,0.675961690975183,0.837953627274353,0.823699713054373,0.773567351480715
