mean	sigma
0.42457086309257336	0.1541240433864127
0.5004163651333243	0.09846153642040288
0.6609480222386931	0.1267278274493251
0.3674100351954278	0.10355312979223409
0.5635001955632711	0.11198758715562543
0.633733362797286	0.10033255163675817
0.810984809083683	0.12930957499290668
0.3608350388025738	0.10050042171658405
0.017823385105795442	0.18147033671059254
0.3623518965703377	0.1159662803091131
0.34886406951032634	0.09543553150197483
0.8629656924309006	0.19384060950313844
-1.096569612572096	0.09385823746770273
0.13646961093233465	0.16641346306649105
0.7220120918937589	0.030065623606024373
0.9864265128749997	0.13745057956765133
0.18598714274883663	0.1440579842526266
0.3644032011598794	0.09314111350969778
0.2740806250633167	0.15412004709081598
0.3689251913028741	0.07220926813825015
-0.10407999702565077	0.17603621645704662
0.13979978140533908	0.08483285359799278
-0.7348256025779081	0.18637894350275838
0.3207801069174235	0.06596896391312355
0.45522717321308664	0.11750353375055604
-0.08520601056416402	0.18624412274087698
0.7467621998730719	0.1717187879978335
0.5148573038377094	0.1234520652494268
0.3490177490153493	0.19390375392226458
0.3921923852413825	0.10948429113859376
0.5420763916962209	0.09912886431165643
0.3003020605945578	0.07480138040161532
0.7560055536342203	0.061946029539319075
0.19922740516209103	0.1142128356555738
0.4480600592103505	0.08820245587482999
0.4809714583516085	0.1349910002476837
0.34961701005306406	0.10098975157222968
0.4119920971641077	0.08668732660641133
0.42980907928370565	0.09965875903347018
0.5171650903481905	0.12511560392233037
0.14145622494974022	0.0872544174198621
1.0221715206547324	0.15575889725220504
0.515250160485921	0.18089114063101197
0.15423039272253286	0.14023752247538226
0.564069616460304	0.16031101061686093
0.226279402037751	0.10544406427270087
0.1706565464483783	0.11435694294133059
0.3089801216155041	0.08405060006679305
0.31507265704348814	0.0877275437168989
1.1027317056414185	0.16095451867268742
0.3603851595671332	0.057522799564968134
0.7403371960251989	0.17719819234465667
0.45151998601269155	0.08778913947767267
0.44574885871379155	0.05813564938460924
0.3800195106209051	0.08569728500119364
0.003687214186040162	0.10510851280848098
-0.35323622023717693	0.2034937128005722
0.1836579225463359	0.13097750047383
0.1390370625614108	0.13706041813441025
0.24558396603762325	0.10079109195956647
0.03917003793206941	0.11640588823438046
-0.824080540718812	0.061091328612356964
0.2487360659955863	0.09641528224828709
0.16628712585881794	0.04409123243835875
0.4227296242781513	0.10755694482694982
0.5684148029770068	0.11433620622951048
0.6536688147240477	0.06527138677242952
0.4969042325828387	0.13676652307681073
0.4033974923879592	0.0886392757462618
0.5043683110430731	0.03330823525732969
0.5098810093364382	0.09708517632996164
